Card   1: 13  5 40 15 21 61 74 55 32 56 | 21 57 74 56  7 84 37 47 75 66 68  8 55 22 53 61 40 13 15 41 32 46 95 65  5
Card   2: 92 97 39 23 25 40 33 70 55 77 | 25 70 23 91 45 60 34 56 82  6  9 62 24  3 67 99 18 58  1 26 50 37 32 14 85
Card   3: 44 71 17 92 34 98 50 61 89 79 | 57 56 89 98 59 61 44 97 79 18 71 50 34 92 23 63 20 51 64 47 76 17 46 54 62
Card   4: 87 70 44 19  3 54 81 15 72 46 | 75 70 74 84  1 61 85 14 79 66 26 93 39 73 67 21 91 12  3 86 41 42  6 27 49
Card   5: 86 63 59 76 89 62 87 20  2 66 | 21 58 72 98 95 14 38 16 35 88 60 55  3 36 65  1 28 56 11 74 15 29 93 50 17
Card   6: 24 92 61 55 50 51 78  2 60 91 | 55 91 51 56 45 67 13 36 66  8 99 62 78  2 92 49 44 69 42 65 50 34 35 82 60
Card   7: 91 88 72 26 86 34 14 66 31 20 | 25 24 73 97 72 20 87 26 15 47 90 22 14 86 62 68 61 69 88 91 66 27 31 34 52
Card   8: 40 66 64 42 52  5 18 49 67 94 | 23  5 66 53 33 24 95 86  2 46 67 87 68 71 83 21 78 41 29 62 70 69 61 60 93
Card   9: 41 86 83  7 80  3 98 95 94 28 | 78 62 21 65 53  6 75 90 39 70 98 59 37 61 49 43 52 34 23 15 83 48 54 80 93
Card  10: 50 21 55 47 37  4 29 96 80 54 | 79 68 69 55 51 58 37 95 35 73 70 21 64 87 94 89 53 47 62 29  6 41 24  9 54
Card  11: 64 12 41 90 30 21 54 40  4 86 |  4 57 10 84 88 30 59 70  5 64 18 65 67 92 12 90 56 39 44 75 86 28  9 54 38
Card  12: 18 17 83 38 62 89  5 35  6 99 |  6 22 19 44 34 36 57 97 46 28 86 89 60  8 26 74 98 38 39 95 96  1 67 35 17
Card  13: 86 94 93 19 49 11  8 48 81 39 | 74 54 51 62 79 87 18 69 88 75 22 19 46 36 12 26 11 48 80 45 14 92  1 17 33
Card  14: 92 83 90 42 44 88 77 24 29 46 | 88 93 12  4 74 31 38 34 59 40 18 97 20  2 95 53 23 32 92 68 56 87 71 69 54
Card  15: 92 68 17 36 99 15 35 67 60 55 |  1 34 38 55 18 49 52 37 27 66 54 59 71 90 69 80 11 10 97 33 24 95 50 36 93
Card  16:  6  8 62 88 47 96 46 35 78 33 | 13 72 75 84 45 82 95 59 42 55 29 20 70 52 16  4 80 71 94 85 12 61 50 18 81
Card  17: 35 51 98 72 99 13 45 92 30 67 | 32 75 71  7 91 37 62 35 70 97 80 89 78 47 41 21 12 42  5 52 83 39 29 27 56
Card  18:  3 10 38 62 66 33 53 14 34 41 | 47 72 60 57 55 37 48 44  7 43 94 75 91 84 77 74 46  1 28 68 26 27 23 80 71
Card  19: 98 46 62 91 93 61 65 66 20 43 | 11 62 38 93 81 47 43 65 53 59 69  7 57 10 18 61 15 46 20 44 66 86 91 98 30
Card  20:  2  2  2  2  2  2  2  2  2  2 | 58 82 66 56 75 49 19  1 25 93 46 87 29 18 40 96 48 86  3 33 91 31 24 59 14
?